0.0
0.0
0.0
0.0
0.0
0.0
0.0
0.0
0.0
0.0
2.0
2.0
2.0
2.0
2.0
2.0
2.0
2.0
2.0
2.0
2.0
2.0
2.0
4.8
4.8
4.8
4.8
4.8
4.8
4.8
4.8
4.8
4.8
4.8
4.8
4.8
4.8
4.8
4.8
4.17
4.17
3.71
3.71
3.71
3.56
3.56
3.56
3.56
3.56
3.56
3.56
3.56
3.56
3.56
3.56
3.56
3.56
3.56
3.56
3.56
3.56
3.56
3.56
3.56
3.56
3.56
3.56
3.56
3.56
3.56
3.56
3.56
3.56
3.56
3.56
3.56
3.56
3.56
3.56
3.56
3.56
3.56
3.56
3.56
3.56
3.56
3.56
3.56
3.56
3.56
3.56
3.56
3.56
3.56
3.56
3.56
3.56
3.56
3.3
3.3
3.3
3.3
3.3
3.3
3.3
3.3
3.3
3.3
3.3
3.3
3.3
3.25
3.25
3.25
3.08
3.08
3.08
3.08
3.08
3.08
3.08
3.08
3.08
3.08
3.08
3.08
3.08
3.08
3.08
3.08
2.93
2.93
2.93
2.93
2.93
2.93
2.93
2.93
2.93
2.93
2.93
2.93
2.93
2.93
2.93
2.93
2.93
2.94
2.94
2.94
2.94
2.94
2.94
2.94
2.94
2.94
2.94
2.94
2.94
2.94
2.94
2.94
2.94
2.94
2.94
2.94
2.94
2.94
2.94
2.82
2.82
2.82
2.82
2.82
2.82
2.82
2.82
2.82
2.82
2.82
2.82
2.82
2.82
2.82
2.82
2.82
3.41
3.41
3.41
3.41
3.41
3.41
3.41
3.41
3.41
3.41
3.41
3.41
3.41
3.41
3.41
3.41
3.41
4.0
4.0
4.0
4.0
4.0
4.0
4.0
4.0
4.0
4.0
4.0
4.0
4.0
4.0
4.0
4.0
4.0
4.0
4.0
4.0
4.0
4.0
4.0
4.0
4.0
3.92
3.92
3.8
3.8
3.8
3.8
3.8
3.8
3.8
3.8
3.8
3.8
3.69
3.69
3.69
3.69
3.69
3.69
3.69
3.69
3.69
3.69
3.69
3.69
3.69
3.69
3.69
3.69
3.69
3.69
3.69
3.69
3.69
3.69
3.69
3.69
3.69
3.69
3.69
3.69
3.69
3.69
3.69
3.69
3.69
3.59
3.59
3.59
3.59
3.59
3.59
3.59
3.57
3.57
3.57
3.57
3.57
3.57
3.57
3.57
3.57
3.57
3.57
3.57
3.57
3.57
3.57
3.57
3.57
3.57
3.57
3.57
3.57
3.57
3.48
3.48
3.48
3.48
3.48
3.48
3.48
3.48
3.48
3.48
3.48
3.48
3.48
3.48
3.48
3.48
3.48
3.48
3.48
3.48
3.48
3.48
3.48
3.48
3.48
3.48
3.48
3.48
3.48
3.48
3.48
3.48
3.48
3.48
3.48
3.48
3.48
3.48
3.48
3.48
3.48
3.48
3.48
3.48
3.48
3.48
3.48
3.48
3.48
3.48
3.48
3.48
3.48
3.4
3.4
3.4
3.4
3.4
3.4
3.4
3.4
3.4
3.32
3.32
3.32
3.32
3.32
3.32
3.32
3.32
3.32
3.32
3.32
3.32
3.32
3.32
3.32
3.32
3.32
3.32
3.32
3.32
3.32
3.32
3.32
4.31
4.31
4.31
4.31
4.31
4.31
4.31
4.31
4.31
4.31
4.31
4.31
4.31
4.31
4.31
4.31
4.31
4.31
4.31
4.31
4.31
4.31
4.31
4.31
4.31
4.31
4.31
4.31
4.31
4.31
4.31
4.31
4.31
4.31
4.31
4.31
4.31
4.22
4.22
4.22
4.22
4.13
4.13
4.13
4.13
4.13
4.13
4.13
4.13
4.13
4.13
4.13
4.13
4.13
4.13
4.13
4.13
4.13
4.13
4.13
4.13
4.13
4.13
4.13
4.13
4.13
4.13
4.13
4.13
4.13
4.13
4.13
4.13
4.13
4.13
4.13
4.13
4.13
4.27
4.27
4.27
4.27
4.27
4.24
4.24
4.21
4.21
4.21
4.21
4.21
4.21
4.21
4.21
4.14
4.14
4.14
4.14
4.14
4.14
4.14
4.14
4.14
4.14
4.14
4.14
4.14
4.14
4.14
4.07
4.07
4.07
4.07
4.07
4.07
4.07
4.07
4.07
4.07
4.07
4.07
4.07
4.07
4.07
4.07
4.07
4.02
4.02
4.02
4.02
4.02
4.02
4.02
3.96
3.96
4.08
4.02
4.02
4.02
4.02
4.02
4.02
4.02
4.02
4.02
4.02
4.02
4.02
4.02
4.02
3.96
3.96
3.96
3.96
3.96
3.96
3.96
3.96
3.96
3.96
3.96
3.96
3.96
3.96
3.96
3.96
3.96
3.96
3.96
3.96
3.96
4.17
4.17
4.17
4.17
4.17
4.17
4.17
4.17
4.17
4.17
4.17
4.17
4.17
4.17
4.17
4.17
4.17
4.17
4.17
4.17
4.17
4.17
4.17
4.17
4.42
4.36
4.36
4.36
4.36
4.36
4.36
4.36
4.36
4.36
4.36
4.29
4.29
4.29
4.29
4.29
4.29
4.29
4.29
4.29
4.29
4.29
4.29
4.29
4.29
4.29
4.29
4.29
4.29
4.29
4.29
4.29
4.29
4.29
4.29
4.29
4.29
4.29
4.29
4.29
4.29
4.29
4.29
4.29
4.29
4.29
4.29
4.29
4.29
4.29
4.29
4.29
4.29
4.29
4.29
4.29
4.29
4.29
4.29
4.29
4.29
4.29
4.29
4.29
4.29
4.29
4.29
4.29
4.29
4.29
4.29
4.29
4.29
4.29
4.29
4.29
4.29
4.29
4.29
4.29
4.29
4.29
4.29
4.29
4.29
4.29
4.25
4.25
4.36
4.3
4.3
4.3
4.3
4.24
4.24
4.24
4.24
4.24
4.24
4.24
4.24
4.24
4.24
4.24
4.24
4.24
4.24
4.24
4.24
4.24
4.24
4.24
4.24
4.24
4.24
4.24
4.24
4.24
4.24
4.24
4.24
4.24
4.24
4.24
4.24
4.24
4.24
4.24
4.24
4.24
4.24
4.24
4.24
4.24
4.24
4.24
4.24
4.24
4.24
4.24
4.24
4.24
4.24
4.24
4.34
4.34
4.34
4.34
4.34
4.34
4.34
4.34
4.34
4.34
4.34
4.34
4.34
4.34
4.34
4.34
4.34
4.34
4.34
4.34
4.34
4.34
4.34
4.34
4.34
4.34
4.34
4.34
4.34
4.34
4.34
4.34
4.34
4.34
4.34
4.34
4.34
4.34
4.34
4.32
4.32
4.32
4.32
4.32
4.32
4.32
4.32
4.32
4.32
4.32
4.32
4.32
4.32
4.32
4.32
4.32
4.32
4.32
4.32
4.32
4.32
4.32
4.27
4.27
4.27
4.27
4.27
4.27
4.27
4.27
4.35
4.35
4.35
4.35
4.35
4.35
4.35
4.35
4.35
4.35
4.35
4.35
4.35
4.35
4.35
4.35
4.35
4.35
4.35
4.35
4.35
4.35
4.35
4.35
4.35
4.35
4.35
4.36
4.36
4.36
4.36
4.36
4.36
4.36
4.36
4.36
4.36
4.36
4.31
4.31
4.31
4.31
4.31
4.31
4.31
4.31
4.31
4.31
4.31
4.31
4.31
4.31
4.31
4.31
4.31
4.31
4.31
4.31
4.31
4.31
4.31
4.31
4.31
4.31
4.31
4.31
4.31
4.31
4.31
4.27
4.27
4.27
4.27
4.27
4.27
4.27
4.27
4.27
4.27
4.27
4.28
4.28
4.28
4.28
4.28
4.28
4.28
4.28
4.28
4.28
4.28
4.28
4.28
4.28
4.28
4.28
4.28
4.23
4.23
4.23
4.23
4.23
4.23
4.23
4.23
4.2
4.2
4.2
4.18
4.18
4.18
4.26
4.26
4.26
4.26
4.26
4.26
4.26
4.26
4.26
4.26
4.26
4.26
4.26
4.26
4.26
4.26
4.22
4.22
4.22
4.22
4.22
4.22
4.22
4.22
4.17
4.17
4.17
4.17
4.17
4.17
4.17
4.17
4.17
4.17
4.17
4.17
4.17
4.17
4.17
4.17
4.17
4.17
4.16
4.16
4.16
4.16
4.16
4.16
4.16
4.16
4.16
4.16
4.16
4.16
4.16
4.16
4.16
4.16
4.16
4.16
4.16
4.36
4.32
4.32
4.32
4.32
4.32
4.32
4.32
4.32
4.32
4.32
4.32
4.32
4.31
4.31
4.29
4.29
4.33
4.33
4.33
4.33
4.33
4.33
4.33
4.33
4.33
4.33
4.33
4.33
4.33
4.33
4.33
4.33
4.33
4.33
4.37
4.37
4.37
4.37
4.37
4.37
4.37
4.38
4.45
4.45
4.45
4.45
4.45
4.45
4.45
4.45
4.45
4.45
4.45
4.45
4.45
4.45
4.45
4.45
4.45
4.45
4.57
4.57
4.57
4.57
4.57
4.57
4.57
4.57
4.62
4.62
4.62
4.62
4.62
4.62
4.62
4.62
4.62
4.62
4.62
4.71
4.71
4.69
4.69
4.69
4.69
4.69
4.69
4.82
4.82
4.82
4.82
4.82
4.82
4.82
4.82
4.82
4.82
4.82
4.82
4.82
4.82
4.82
4.82
4.82
4.82
4.82
4.82
4.82
4.82
4.82
4.82
4.82
4.82
4.82
4.82
4.82
4.82
4.82
4.82
4.82
4.82
4.82
4.82
4.82
4.82
4.82
4.82
4.82
4.82
4.82
4.82
4.82
4.82
4.82
4.82
4.82
4.82
4.82
4.82
4.78
4.78
4.78
4.78
4.78
4.78
4.78
4.78
4.78
4.78
4.78
4.78
4.78
4.78
4.78
4.78
4.78
4.78
4.78
4.78
4.78
4.78
4.78
4.78
4.78
4.78
4.78
4.78
4.78
4.78
4.78
4.78
4.78
4.78
4.78
4.78
4.78
4.74
4.74
4.74
4.74
4.74
4.74
4.74
4.74
4.74
4.74
4.77
4.77
4.85
4.85
4.85
4.85
4.85
4.85
4.85
4.85
4.85
4.85
4.85
4.85
4.85
4.85
4.85
4.85
4.85
4.85
4.85
4.85
4.85
4.85
4.85
4.85
4.85
4.85
4.83
4.83
4.83
4.83
4.83
4.83
4.83
4.83
4.83
4.83
4.83
4.83
4.83
4.83
4.83
4.83
4.83
4.83
4.83
4.83
4.83
4.83
4.83
4.83
4.83
4.83
4.83
4.83
4.83
4.83
4.83
4.83
4.83
4.83
4.83
4.83
4.83
4.83
4.83
4.83
4.83
4.83
4.83
4.83
4.83
4.83
4.83
4.83
4.83
4.83
4.83
4.83
4.83
4.83
4.83
4.83
4.83
4.83
4.83
4.83
4.83
4.83
4.83
4.83
4.83
4.83
4.83
4.83
4.83
4.83
4.83
4.83
4.83
4.79
4.79
4.79
4.79
4.79
4.79
4.79
4.79
4.79
4.79
4.79
4.79
4.79
4.79
4.79
4.79
4.79
4.79
4.79
4.79
4.79
4.79
4.79
4.79
4.79
4.79
4.79
4.79
4.79
4.79
4.79
4.79
4.79
4.79
4.79
4.79
4.79
4.75
4.75
4.75
4.75
4.75
4.75
4.75
4.78
4.78
4.78
4.78
4.78
4.78
4.78
4.78
4.78
4.74
4.74
4.74
4.74
4.74
4.74
4.74
4.74
4.74
4.74
4.74
4.74
4.74
4.74
4.74
4.74
4.74
4.74
4.74
4.74
4.74
4.74
4.74
4.74
4.74
4.74
4.74
4.74
4.74
4.74
4.74
4.74
4.74
4.74
4.74
4.74
4.73
4.73
4.73
4.73
4.73
4.73
4.73
4.73
4.73
4.73
4.73
4.73
4.73
4.73
4.73
4.73
4.73
4.69
4.69
4.69
4.69
4.66
4.66
4.66
4.66
4.66
4.66
4.66
4.66
4.66
4.66
4.66
4.66
4.66
4.66
4.66
4.65
4.65
4.65
4.65
4.65
4.65
4.65
4.65
4.65
4.65
4.65
4.65
4.65
4.65
4.65
4.65
4.65
4.65
4.65
4.65
4.65
4.65
4.65
4.61
4.61
4.61
4.61
4.61
4.61
4.61
4.61
4.58
4.58
4.58
4.58
4.58
4.58
4.58
4.58
4.58
4.58
4.58
4.58
4.58
4.58
4.58
4.58
4.58
4.58
4.54
4.54
4.53
4.53
4.53
4.53
4.53
4.6
4.6
4.6
4.6
4.6
4.6
4.6
4.6
4.6
4.6
4.6
4.6
4.6
4.6
4.6
4.6
4.6
4.6
4.6
4.6
4.6
4.6
4.6
4.6
4.6
4.6
4.6
4.59
4.59
4.59
4.59
4.59
4.59
4.59
4.59
4.59
4.59
4.59
4.59
4.59
4.59
4.56
4.56
4.56
4.56
4.56
4.56
4.56
4.56
4.56
4.56
4.56
4.54
4.54
4.54
4.54
4.54
4.54
4.54
4.54
4.59
4.59
4.59
4.59
4.59
4.59
4.68
4.68
4.68
4.68
4.68
4.68
4.68
4.68
4.68
4.64
4.64
4.64
4.64
4.64
4.64
4.64
4.64
4.64
4.64
4.64
4.64
4.63
4.63
4.63
4.6
4.6
4.6
4.67
4.67
4.67
4.67
4.67
4.67
4.67
4.69
4.69
4.69
4.69
4.69
4.7
4.7
4.7
4.7
4.7
4.7
4.7
4.7
4.7
4.7
4.7
4.7
4.7
4.7
4.7
4.7
4.7
4.7
4.7
4.7
4.7
4.7
4.7
4.7
4.7
4.7
4.7
4.7
4.7
4.7
4.7
4.7
4.7
4.7
4.7
4.7
4.7
4.7
4.7
4.7
4.7
4.76
4.76
4.76
4.76
4.76
4.76
4.76
4.76
4.76
4.76
4.79
4.79
4.79
4.79
4.79
4.79
4.79
4.79
4.79
4.79
4.79
4.79
4.79
4.79
4.79
4.79
4.79
4.79
4.79
4.79
4.79
4.79
4.79
4.79
4.79
4.79
4.79
4.79
4.79
4.79
4.82
4.82
4.82
4.82
4.82
4.82
4.82
4.82
4.82
4.82
4.82
4.82
4.82
4.82
4.82
4.82
4.82
4.82
4.82
4.85
4.85
4.85
4.85
4.85
4.85
4.85
4.85
4.85
4.85
4.86
4.98
4.98
4.98
4.98
4.98
4.98
4.98
4.98
4.98
4.98
4.98
4.98
4.98
4.95
4.92
4.9
4.9
4.9
4.9
4.9
4.9
4.9
4.9
4.9
4.9
4.9
4.9
4.9
4.9
4.9
4.9
4.96
4.96
4.96
4.96
4.96
4.96
4.96
4.96
4.96
4.96
4.96
4.96
4.96
4.96
4.96
4.96
4.96
4.96
4.96
4.96
4.96
4.94
4.94
4.94
4.94
4.94
4.94
4.94
4.94
4.94
4.94
4.94
4.94
4.94
4.94
4.94
4.94
4.94
4.94
4.94
4.94
4.94
4.94
4.94
4.94
4.94
4.94
4.91
4.97
4.97
4.97
4.97
4.97
4.97
4.97
4.97
4.97
4.97
4.97
4.97
4.97
4.97
4.97
4.97
4.97
4.97
4.97
4.97
4.97
4.97
4.97
4.97
4.97
4.97
4.97
4.97
4.97
4.97
4.97
4.97
4.97
4.97
4.97
4.94
4.94
4.94
4.94
4.94
4.94
4.94
5.08
5.08
5.08
5.08
5.08
5.08
5.08
5.08
5.08
5.08
5.08
5.08
5.08
5.08
5.08
5.08
5.08
5.05
5.05
5.05
5.05
5.05
5.05
5.05
5.05
5.05
5.05
5.05
5.05
5.05
5.05
5.05
5.05
5.05
5.05
5.05
5.05
5.05
5.05
5.05
5.05
5.05
5.05
5.05
5.05
5.05
5.05
5.05
5.05
5.05
5.05
5.11
5.11
5.11
5.11
5.11
5.11
5.11
5.11
5.11
5.11
5.11
5.11
5.11
5.11
5.11
5.11
5.11
5.11
5.11
5.11
5.11
5.11
5.11
5.11
5.11
5.11
5.11
5.08
5.08
5.08
5.08
5.08
5.06
5.06
5.06
5.06
5.06
5.06
5.06
5.06
5.06
5.06
5.06
5.06
5.06
5.06
5.06
5.06
5.06
5.06
5.06
5.03
5.03
5.03
5.03
5.03
5.03
5.03
5.03
5.03
5.03
5.02
5.02
5.02
5.02
5.02
4.99
4.99
4.99
4.99
4.99
4.99
4.99
4.99
4.99
4.99
4.97
4.97
4.97
4.97
4.97
4.97
4.97
4.97
4.94
4.94
4.94
4.94
4.94
4.94
4.94
4.94
4.94
4.94
4.94
4.94
4.94
4.94
4.94
4.94
4.94
4.94
4.94
4.94
4.94
4.94
4.94
4.94
4.94
4.94
4.94
4.94
4.94
4.91
4.91
4.91
4.91
4.91
4.91
4.91
4.91
4.91
4.91
4.91
4.91
4.91
4.92
4.92
4.92
4.92
4.92
4.92
4.92
4.92
4.92
4.92
4.92
4.92
4.92
4.92
4.92
4.92
4.92
4.92
4.92
4.92
4.92
4.89
4.89
4.89
4.89
4.89
4.89
4.89
4.89
4.89
4.89
4.89
4.89
4.89
4.89
4.89
4.89
4.89
4.89
4.89
4.89
4.89
4.89
4.89
4.89
4.89
4.89
4.9
4.9
4.9
4.9
4.9
4.9
4.9
4.9
4.9
4.9
4.87
4.87
4.87
4.87
4.87
4.87
4.87
4.87
4.87
4.87
4.87
4.87
4.87
4.87
4.87
4.87
4.87
4.87
4.87
4.88
4.88
4.88
4.88
4.88
4.88
4.88
4.88
4.88
4.88
4.88
4.88
4.88
4.88
4.88
4.88
4.88
4.88
4.88
4.88
4.88
4.88
4.88
4.88
4.93
4.93
4.93
4.94
4.94
4.94
4.94
4.94
4.94
4.94
4.94
4.94
4.94
5.01
5.01
5.01
5.01
5.01
5.01
5.01
5.01
5.01
5.01
5.01
5.01
5.01
5.01
5.01
4.98
4.96
4.96
4.96
4.96
4.96
4.96
4.96
4.96
4.96
4.96
4.96
4.96
4.96
4.96
4.96
4.96
4.96
4.96
4.96
4.96
4.96
4.93
4.93
4.93
4.93
4.93
4.93
4.93
4.93
4.93
4.93
4.93
4.93
4.93
4.93
4.92
4.89
4.89
4.89
4.89
4.89
4.89
4.89
4.89
4.89
4.89
4.89
4.89
4.89
4.89
4.89
4.9
4.9
4.9
4.9
4.9
4.9
4.9
4.9
4.9
4.9
4.9
4.9
4.9
4.9
4.9
4.9
4.9
4.9
4.9
4.94
4.94
4.94
4.94
4.94
4.94
4.94
4.94
4.99
4.99
4.99
4.99
4.99
4.99
4.99
4.99
4.99
4.99
4.99
4.99
4.99
4.99
4.99
4.99
4.99
4.99
5.02
5.02
5.02
5.02
5.02
5.0
5.0
5.0
5.0
5.0
5.0
5.0
5.0
4.97
4.97
4.97
4.97
4.97
4.97
4.97
4.97
4.97
4.97
4.97
4.97
5.0
5.0
5.0
5.0
5.0
5.0
5.0
5.0
5.0
5.0
5.0
5.0
5.0
5.0
5.01
5.01
5.01
5.01
5.01
5.01
5.01
5.01
5.01
5.01
5.01
5.01
5.01
5.01
5.01
5.01
5.01
5.01
5.01
5.01
4.98
4.98
4.98
4.98
4.98
4.98
4.98
4.98
4.98
4.98
4.98
4.98
4.98
4.96
4.96
4.96
4.96
4.96
4.96
4.96
4.96
5.0
5.0
5.0
5.0
5.0
5.0
5.0
5.0
5.0
5.05
5.05
5.05
5.05
5.05
5.05
5.05
5.05
5.05
5.05
5.05
5.05
5.07
5.07
5.07
5.07
5.07
5.07
5.07
5.14
5.14
5.14
5.14
5.14
5.14
5.14
5.14
5.14
5.14
5.14
5.14
5.14
5.14
5.14
5.14
5.11
5.11
5.1
5.1
5.1
5.1
5.1
5.1
5.1
5.1
5.1
5.1
5.1
5.1
5.08
5.08
5.08
5.08
5.08
5.08
5.08
5.08
5.08
5.08
5.08
5.08
5.08
5.08
5.08
5.08
5.08
5.08
5.08
5.08
5.08
5.08
5.08
5.08
5.08
5.08
5.08
5.08
5.08
5.08
5.08
5.08
5.08
5.08
5.08
5.08
5.08
5.08
5.08
5.08
5.08
5.08
5.08
5.08
5.08
5.08
5.08
5.08
5.08
5.08
5.08
5.08
5.08
5.08
5.08
5.08
5.08
5.08
5.08
5.08
5.08
5.08
5.08
5.08
5.08
5.08
5.06
5.06
5.06
5.06
5.06
5.06
5.06
5.06
5.04
5.04
5.04
5.04
5.04
5.04
5.04
5.04
5.04
5.04
5.04
5.04
5.04
5.04
5.04
5.04
5.04
5.04
5.04
5.04
5.04
5.04
5.04
5.04
5.04
5.04
5.04
5.04
5.04
5.04
5.04
5.04
5.04
5.04
5.04
5.04
5.04
5.04
5.04
5.04
5.04
5.04
5.04
5.04
5.04
5.04
5.04
5.04
5.04
5.04
5.04
5.04
5.04
5.04
5.04
5.03
5.03
5.03
5.01
5.01
5.01
5.01
4.99
4.99
4.99
4.99
4.99
4.99
4.99
4.99
4.99
5.01
5.01
5.01
5.01
5.01
5.01
5.01
5.01
5.01
5.01
5.01
5.01
5.01
5.01
5.01
5.01
5.01
5.01
5.01
5.01
5.01
5.01
5.01
5.01
5.01
5.01
5.01
5.01
5.01
5.01
5.01
5.01
5.01
5.01
5.01
5.01
5.01
5.01
5.01
5.01
5.01
5.01
5.01
5.01
5.01
5.01
5.01
5.01
5.01
5.01
5.01
5.01
5.01
4.99
4.99
4.99
4.99
4.99
4.99
4.99
4.99
4.97
4.97
4.97
4.97
4.97
4.97
4.97
4.97
4.97
4.97
4.97
4.97
4.97
4.97
4.97
4.97
4.97
4.97
4.97
4.97
4.97
4.97
4.97
4.97
4.97
4.97
4.97
4.97
4.97
4.97
4.97
4.97
4.97
4.97
4.97
4.97
4.97
4.97
4.97
4.97
4.97
4.97
4.97
4.97
4.97
4.97
4.97
4.97
4.97
4.97
4.97
4.97
4.97
4.97
4.97
4.97
4.97
4.97
4.97
4.97
4.97
4.97
4.95
4.95
4.95
4.95
4.95
4.95
4.95
4.95
4.95
4.95
4.95
4.95
4.95
4.93
4.93
4.93
4.93
4.93
4.93
4.93
4.93
4.93
5.04
5.04
5.04
5.04
5.04
5.04
5.04
5.04
5.04
5.04
5.04
5.04
5.04
5.04
5.04
5.04
5.04
5.04
5.04
5.04
5.04
5.04
5.04
5.04
5.04
5.04
5.04
5.04
5.04
5.04
5.04
5.04
5.04
5.04
5.04
5.04
5.04
5.04
5.04
5.04
5.04
5.04
5.04
5.04
5.04
5.04
5.04
5.04
5.04
5.05
5.05
5.05
5.05
5.03
5.03
5.03
5.03
5.03
5.1
5.1
5.1
5.1
5.09
5.09
5.09
5.09
5.09
5.09
5.14
5.14
5.14
5.14
5.14
5.14
5.14
5.14
5.14
5.14
5.14
5.14
5.14
5.14
5.14
5.14
5.14
5.14
5.14
5.14
5.14
5.14
5.14
5.14
5.14
5.14
5.14
5.14
5.14
5.14
5.14
5.14
5.14
5.14
5.14
5.14
5.14
5.14
5.14
5.14
5.14
5.12
5.12
5.18
5.18
5.18
5.18
5.18
5.18
5.18
5.18
5.18
5.18
5.18
5.18
5.18
5.18
5.18
5.18
5.18
5.18
5.18
5.18
5.18
5.18
5.18
5.18
5.18
5.18
5.18
5.18
5.16
5.16
5.16
5.16
5.16
5.16
5.16
5.16
5.16
5.16
5.16
5.16
5.16
5.13
5.13
5.13
5.13
5.13
5.13
5.13
5.13
5.13
5.13
5.13
5.13
5.13
5.13
5.13
5.13
5.13
5.13
5.13
5.13
5.13
5.13
5.13
5.13
5.13
5.13
5.13
5.13
5.13
5.13
5.13
5.13
5.13
5.13
5.13
5.13
5.13
5.13
5.13
5.13
5.13
5.13
5.13
5.13
5.13
5.13
5.13
5.13
5.13
5.13
5.13
5.13
5.13
5.13
5.13
5.13
5.13
5.13
5.13
5.11
5.11
5.11
5.11
5.11
5.11
5.1
5.1
5.1
5.1
5.1
5.1
5.1
5.1
5.1
5.1
5.1
5.1
5.1
5.1
5.1
5.1
5.1
5.1
5.1
5.1
5.1
5.15
5.16
5.16
5.16
5.16
5.16
5.16
5.16
5.16
5.16
5.16
5.16
5.16
5.16
5.16
5.16
5.16
5.16
5.16
5.16
5.16
5.16
5.16
5.16
5.16
5.16
5.16
5.14
5.14
5.14
5.14
5.14
5.14
5.14
5.14
5.14
5.14
5.14
5.14
5.14
5.14
5.14
5.14
5.14
5.14
5.14
5.14
5.14
5.12
5.12
5.12
5.12
5.12
5.12
5.12
5.12
5.12
5.12
5.12
5.12
5.12
5.12
5.12
5.12
5.12
5.12
5.12
5.12
5.12
5.12
5.12
5.12
5.12
5.12
5.12
5.12
5.12
5.12
5.12
5.12
5.12
5.12
5.12
5.12
5.12
5.12
5.12
5.12
5.1
5.1
5.1
5.1
5.1
5.1
5.1
5.08
5.08
5.08
5.08
5.08
5.08
5.08
5.08
5.08
5.08
5.08
5.08
5.08
5.08
5.08
5.08
5.08
5.1
5.1
5.1
5.1
5.1
5.1
5.08
5.06
5.06
5.06
5.06
5.06
5.06
5.06
5.06
5.06
5.06
5.06
5.06
5.06
5.06
5.06
5.04
5.04
5.04
5.04
5.04
5.04
5.04
5.04
5.04
5.04
5.04
5.04
5.04
5.04
5.03
5.03
5.03
5.03
5.03
5.03
5.03
5.03
5.03
5.03
5.03
5.03
5.03
5.03
5.03
5.03
5.03
5.03
5.03
5.03
5.03
5.03
5.03
5.03
5.03
5.03
5.03
5.03
5.03
5.03
5.03
5.03
5.03
5.03
5.03
5.03
5.03
5.03
5.03
5.03
5.03
5.03
5.03
5.03
5.03
5.03
5.03
5.03
5.03
5.03
5.03
5.03
5.03
5.03
5.03
5.03
5.03
5.03
5.03
5.03
5.03
5.03
5.03
5.03
5.03
5.03
5.03
5.03
5.03
5.03
5.03
5.03
5.03
5.03
5.05
5.05
5.05
5.09
5.09
5.09
5.09
5.09
5.11
5.11
5.11
5.11
5.11
5.11
5.11
5.11
5.11
5.18
5.16
5.16
5.16
5.16
5.16
5.16
5.16
5.16
5.16
5.16
5.16
5.16
5.16
5.16
5.16
5.16
5.16
5.16
5.16
5.16
5.16
5.16
5.16
5.16
5.16
5.16
5.16
5.16
5.16
5.16
5.16
5.16
5.16
5.16
5.16
5.16
5.14
5.14
5.12
5.12
5.12
5.12
5.12
5.12
5.12
5.12
5.12
5.12
5.12
5.12
5.12
5.12
5.12
5.12
5.12
5.12
5.12
5.12
5.12
5.12
5.12
5.12
5.12
5.12
5.12
5.12
5.12
5.12
5.12
5.12
5.12
5.12
5.12
5.12
5.1
5.1
5.1
5.1
5.11
5.11
5.11
5.11
5.11
5.11
5.11
5.11
5.11
5.11
5.11
5.11
5.11
5.11
5.11
5.11
5.11
5.11
5.11
5.22
5.22
5.22
5.22
5.22
5.22
5.22
5.22
5.22
5.21
5.21
5.21
5.21
5.21
5.21
5.21
5.21
5.21
5.21
5.21
5.21
5.21
5.21
5.21
5.21
5.2
5.2
5.2
5.2
5.2
5.2
5.2
5.2
5.2
5.2
5.2
5.2
5.2
5.2
5.2
5.18
5.17
5.17
5.17
5.17
5.17
5.17
5.17
5.17
5.17
5.17
5.17
5.17
5.17
5.17
5.17
5.17
5.17
5.17
5.17
5.17
5.17
5.21
5.19
5.19
5.19
5.19
5.19
5.19
5.19
5.19
5.26
5.26
5.26
5.26
5.27
5.27
5.27
5.27
5.27
5.27
5.27
5.27
5.27
5.27
5.27
5.27
5.27
5.27
5.27
5.27
5.27
5.27
5.3
5.3
5.3
5.3
5.3
5.3
5.3
5.3
5.3
5.3
5.3
5.3
5.3
5.3
5.3
5.3
5.3
5.3
5.3
5.3
5.3
5.3
5.3
5.3
5.3
5.3
5.3
5.3
5.3
5.3
5.28
5.28
5.28
5.28
5.28
5.28
5.28
5.28
5.28
5.28
5.28
5.28
5.28
5.26
5.26
5.26
5.26
5.26
5.26
5.26
5.26
5.26
5.26
5.26
5.26
5.26
5.26
5.26
5.26
5.25
5.25
5.25
5.25
5.25
5.25
5.25
5.25
5.25
5.25
5.25
5.25
5.25
5.25
5.25
5.25
5.25
5.25
5.25
5.25
5.25
5.25
5.25
5.25
5.25
5.25
5.25
5.25
5.25
5.25
5.25
5.25
5.25
5.25
5.25
5.25
5.25
5.25
5.25
5.25
5.25
5.25
5.25
5.25
5.25
5.25
5.23
5.23
5.23
5.23
5.23
5.23
5.23
5.23
5.23
5.23
5.23
5.23
5.23
5.23
5.23
5.23
5.23
5.24
5.24
5.24
5.24
5.24
5.24
5.24
5.24
5.24
5.24
5.24
5.24
5.24
5.24
5.24
5.24
5.24
5.24
5.24
5.24
5.24
5.23
5.23
5.23
5.23
5.23
5.23
5.23
5.23
5.23
5.23
5.24
5.24
5.24
5.24
5.24
5.24
5.24
5.25
5.25
5.25
5.25
5.25
5.25
5.25
5.25
5.25
5.25
5.25
5.25
5.25
5.25
5.25
5.25
5.25
5.25
5.25
5.25
5.25
5.25
5.25
5.25
5.25
5.25
5.25
5.25
5.25
5.25
5.25
5.23
5.23
5.23
5.23
5.23
5.23
5.23
5.23
5.23
5.23
5.23
5.23
5.23
5.23
5.23
5.23
5.23
5.23
5.23
5.23
5.23
5.23
5.23
5.23
5.23
5.23
5.23
5.23
5.23
5.23
5.23
5.23
5.23
5.23
5.23
5.23
5.23
5.23
5.23
5.23
5.23
5.22
5.22
5.22
5.23
5.23
5.23
5.23
5.23
5.23
5.23
5.22
5.22
5.22
5.22
5.22
5.22
5.22
5.22
5.22
5.22
5.22
5.22
5.22
5.22
5.22
5.22
5.22
5.22
5.22
5.22
5.22
5.22
5.22
5.22
5.22
5.22
5.22
5.22
5.22
5.22
5.22
5.22
5.22
5.22
5.22
5.22
5.22
5.25
5.25
5.25
5.25
5.25
5.25
5.25
5.25
5.25
5.25
5.25
5.25
5.25
5.25
5.25
5.25
5.25
5.25
5.25
5.25
5.23
5.23
5.23
5.23
5.23
5.23
5.23
5.23
5.23
5.23
5.23
5.23
5.23
5.23
5.23
5.23
5.23
5.23
5.23
5.23
5.23
5.23
5.23
5.23
5.23
5.23
5.23
5.23
5.23
5.23
5.23
5.23
5.23
5.23
5.23
5.23
5.23
5.23
5.23
5.23
5.23
5.23
5.23
5.23
5.23
5.23
5.23
5.23
5.23
5.21
5.21
5.21
5.21
5.21
5.21
5.21
5.21
5.21
5.21
5.21
5.21
5.21
5.21
5.21
5.21
5.21
5.21
5.21
5.21
5.21
5.21
5.21
5.21
5.21
5.21
5.27
5.27
5.27
5.27
5.27
5.28
5.26
5.26
5.26
5.26
5.26
5.26
5.26
5.26
5.26
5.26
5.26
5.26
5.26
5.26
5.26
5.26
5.26
5.26
5.26
5.29
5.29
5.29
5.29
5.29
5.29
5.29
5.29
5.4
5.4
5.4
5.4
5.4
5.4
5.4
5.4
5.4
5.4
5.4
5.4
5.4
5.4
5.4
5.4
5.4
5.4
5.4
5.4
5.4
5.4
5.4
5.4
5.4
5.4
5.4
5.4
5.4
5.4
5.4
5.4
5.4
5.4
5.43
5.43
5.43
5.44
5.44
5.44
5.44
5.44
5.44
5.44
5.44
5.44
5.44
5.44
5.44
5.45
5.45
5.45
5.48
5.48
5.48
5.48
5.48
5.48
5.48
5.48
5.48
5.48
5.48
5.48
5.48
5.48
5.48
5.48
5.48
5.48
5.48
5.48
5.48
5.48
5.48
5.48
5.48
5.48
5.48
5.48
5.48
5.48
5.48
5.48
5.48
5.48
5.48
5.48
5.48
5.48
5.48
5.48
5.47
5.47
5.47
5.47
5.47
5.47
5.47
5.47
5.47
5.47
5.47
5.47
5.47
5.47
5.47
5.47
5.47
5.47
5.46
5.46
5.46
5.46
5.46
5.45
5.45
5.45
5.45
5.45
5.45
5.45
5.43
5.43
5.43
5.43
5.43
5.41
5.41
5.41
5.41
5.41
5.41
5.39
5.39
5.39
5.39
5.39
5.39
5.39
5.39
5.39
5.39
5.39
5.39
5.39
5.39
5.39
5.39
5.39
5.39
5.39
5.39
5.39
5.39
5.39
5.39
5.37
5.37
5.37
5.4
5.4
5.4
5.4
5.4
5.4
5.4
5.4
5.4
5.4
5.4
5.4
5.38
5.38
5.38
5.38
5.38
5.38
5.38
5.38
5.38
5.38
5.37
5.37
5.37
5.35
5.35
5.35
5.35
5.35
5.35
5.35
5.35
5.35
5.35
5.39
5.39
5.39
5.39
5.39
5.38
5.38
5.38
5.38
5.38
5.38
5.38
5.38
5.38
5.38
5.38
5.38
5.38
5.38
5.38
5.38
5.38
5.38
5.38
5.38
5.38
5.38
5.38
5.38
5.38
5.38
5.38
5.38
5.38
5.38
5.37
5.37
5.37
5.37
5.37
5.37
5.37
5.37
5.37
5.37
5.37
5.37
5.37
5.37
5.37
5.37
5.37
5.37
5.37
5.37
5.37
5.37
5.37
5.37
5.37
5.37
5.37
5.37
5.37
5.37
5.37
5.37
5.37
5.37
5.37
5.37
5.37
5.35
5.35
5.33
5.33
5.33
5.33
5.33
5.33
5.32
5.32
5.32
5.32
5.32
5.32
5.32
5.32
5.32
5.32
5.32
5.32
5.32
5.32
5.32
5.32
5.32
5.31
5.31
5.31
5.31
5.31
5.31
5.31
5.31
5.31
5.31
5.31
5.31
5.31
5.31
5.31
5.31
5.31
5.31
5.31
5.31
5.31
5.31
5.31
5.31
5.31
5.31
5.31
5.31
5.31
5.31
5.31
5.31
5.31
5.31
5.31
5.31
5.31
5.31
5.31
5.31
5.31
5.31
5.31
5.34
5.36
5.36
5.36
5.36
5.36
5.36
5.36
5.36
5.36
5.36
5.36
5.36
5.36
5.36
5.36
5.35
5.35
5.35
5.35
5.35
5.35
5.35
5.35
5.35
5.35
5.35
5.35
5.35
5.35
5.35
5.35
5.39
5.39
5.39
5.39
5.39
5.39
5.38
5.38
5.38
5.38
5.38
5.38
5.38
5.38
5.38
5.38
5.38
5.38
5.38
5.38
5.38
5.38
5.38
5.38
5.38
5.38
5.38
5.38
5.38
5.38
5.38
5.38
5.38
5.38
5.38
5.38
5.38
5.38
5.38
5.38
5.38
5.38
5.38
5.38
5.38
5.38
5.38
5.38
5.38
5.38
5.38
5.38
5.38
5.38
5.38
5.38
5.38
5.38
5.36
5.36
5.36
5.36
5.36
5.36
5.36
5.36
5.36
5.36
5.36
5.36
5.36
5.36
5.36
5.36
5.36
5.36
5.36
5.36
5.36
5.36
5.36
5.36
5.4
5.4
5.4
5.4
5.4
5.4
5.43
5.43
5.43
5.43
5.43
5.41
5.41
5.41
5.41
5.41
5.41
5.41
5.41
5.41
5.41
5.41
5.45
5.45
5.45
5.45
5.45
5.45
5.45
5.45
5.45
5.46
5.46
5.46
5.45
5.45
5.46
5.46
5.46
5.46
5.46
5.46
5.46
5.46
5.46
5.46
5.46
5.46
5.46
5.46
5.46
5.46
5.46
5.46
5.46
5.46
5.46
5.46
5.46
5.45
5.45
5.43
5.43
5.42
5.42
5.42
5.42
5.42
5.42
5.42
5.4
5.4
5.4
5.4
5.4
5.4
5.4
5.4
5.4
5.4
5.4
5.4
5.41
5.41
5.41
5.4
5.4
5.4
5.4
5.4
5.4
5.4
5.4
5.4
5.4
5.4
5.4
5.4
5.4
5.38
5.38
5.38
5.38
5.38
5.38
5.38
5.38
5.38
5.38
5.38
5.38
5.38
5.38
5.38
5.38
5.38
5.38
5.38
5.38
5.38
5.38
5.38
5.38
5.38
5.38
5.38
5.38
5.38
5.38
5.38
5.38
5.38
5.38
5.38
5.38
5.38
5.38
5.38
5.38
5.38
5.38
5.38
5.37
5.37
5.37
5.37
5.37
5.36
5.36
5.36
5.36
5.36
5.36
5.36
5.36
5.36
5.36
5.36
5.36
5.39
5.39
5.39
5.39
5.39
5.39
5.39
5.39
5.39
5.39
5.39
5.39
5.39
5.39
5.39
5.39
5.39
5.39
5.39
5.39
5.39
5.39
5.39
5.39
5.39
5.39
5.39
5.39
5.39
5.39
5.39
5.39
5.39
5.39
5.39
5.39
5.39
5.39
5.39
5.39
5.39
5.39
5.37
5.37
5.37
5.37
5.37
5.37
5.37
5.37
5.37
5.37
5.37
5.37
5.37
5.37
5.37
5.36
5.36
5.36
5.34
5.34
5.34
5.34
5.37
5.37
5.37
5.37
5.38
5.38
5.38
5.38
5.38
5.36
5.36
5.36
5.36
5.35
5.35
5.35
5.35
5.35
5.35
5.35
5.34
5.34
5.34
5.34
5.34
5.34
5.34
5.34
5.34
5.34
5.33
5.33
5.33
5.33
5.33
5.33
5.33
5.33
5.33
5.33
5.33
5.33
5.33
5.33
5.33
5.33
5.33
5.32
5.32
5.32
5.36
5.36
5.36
5.41
5.41
5.41
5.41
5.41
5.41
5.41
5.4
5.4
5.4
5.4
5.4
5.4
5.4
5.4
5.4
5.4
5.4
5.4
5.4
5.4
5.4
5.4
5.4
5.4
5.4
5.4
5.4
5.4
5.4
5.4
5.4
5.4
5.4
5.4
5.4
5.4
5.4
5.4
5.4
5.4
5.4
5.4
5.4
5.4
5.4
5.39
5.39
5.39
5.39
5.39
5.39
5.39
5.39
5.39
5.39
5.39
5.39
5.39
5.37
5.37
5.37
5.37
5.37
5.37
5.37
5.37
5.37
5.37
5.37
5.37
5.37
5.37
5.37
5.37
5.37
5.37
5.37
5.37
5.37
5.37
5.37
5.37
5.37
5.37
5.37
5.37
5.36
5.36
5.36
5.36
5.36
5.36
5.36
5.36
5.36
5.36
5.38
5.38
5.38
5.38
5.38
5.38
5.38
5.38
5.38
5.38
5.38
5.38
5.38
5.38
5.38
5.38
5.38
5.38
5.38
5.38
5.38
5.38
5.38
5.38
5.38
5.38
5.38
5.38
5.38
5.38
5.38
5.38
5.38
5.38
5.38
5.38
5.38
5.38
5.38
5.38
5.38
5.38
5.38
5.38
5.38
5.37
5.37
5.37
5.35
5.35
5.35
5.39
5.39
5.39
5.39
5.39
5.39
5.39
5.39
5.39
5.39
5.39
5.39
5.39
5.39
5.39
5.39
5.39
5.39
5.39
5.39
5.39
5.39
5.39
5.39
5.39
5.39
5.39
5.39
5.39
5.39
5.39
5.38
5.38
5.38
5.38
5.38
5.38
5.38
5.38
5.38
5.38
5.38
5.38
5.38
5.38
5.38
5.38
5.38
5.38
5.38
5.38
5.36
5.36
5.36
5.36
5.36
5.36
5.36
5.36
5.36
5.36
5.36
5.36
5.36
5.36
5.36
5.36
5.36
5.36
5.36
5.36
5.36
5.36
5.36
5.36
5.36
5.36
5.36
5.36
5.36
5.36
5.36
5.36
5.36
5.35
5.35
5.35
5.35
5.35
5.35
5.35
5.35
5.35
5.35
5.35
5.35
5.35
5.35
5.35
5.35
5.35
5.39
5.39
5.39
5.39
5.39
5.39
5.39
5.39
5.39
5.39
5.39
5.39
5.39
5.41
5.41
5.41
5.41
5.41
5.41
5.4
5.4
5.4
5.4
5.4
5.4
5.4
5.4
5.4
5.4
5.4
5.4
5.4
5.4
5.4
5.4
5.4
5.4
5.4
5.4
5.4
5.4
5.4
5.4
5.4
5.4
5.4
5.4
5.4
5.4
5.4
5.4
5.4
5.4
5.4
5.4
5.4
5.4
5.4
5.4
5.4
5.4
5.4
5.4
5.4
5.4
5.4
5.4
5.4
5.4
5.4
5.4
5.4
5.4
5.4
5.4
5.4
5.4
5.4
5.4
5.4
5.4
5.4
5.4
5.4
5.4
5.4
5.4
5.4
5.4
5.4
5.4
5.4
5.4
5.4
5.4
5.4
5.4
5.4
5.4
5.42
5.42
5.42
5.42
5.42
5.41
5.42
5.42
5.42
5.42
5.42
5.42
5.42
5.42
5.42
5.42
5.42
5.42
5.42
5.42
5.42
5.42
5.42
5.42
5.42
5.42
5.42
5.42
5.42
5.42
5.42
5.42
5.42
5.42
5.42
5.42
5.42
5.42
5.42
5.42
5.42
5.42
5.42
5.46
5.46
5.46
5.46
5.46
5.46
5.46
5.46
5.46
5.46
5.46
5.46
5.46
5.45
5.45
5.45
5.5
5.5
5.5
5.5
5.5
5.5
5.5
5.5
5.5
5.5
5.5
5.5
5.5
5.5
5.5
5.5
5.5
5.5
5.5
5.5
5.5
5.5
5.49
5.49
5.49
5.49
5.49
5.49
5.49
5.49
5.49
5.49
5.49
5.49
5.49
5.49
5.49
5.49
5.49
5.49
5.49
5.49
5.49
5.49
5.49
5.49
5.49
5.49
5.49
5.49
5.47
5.47
5.47
5.47
5.47
5.47
5.47
5.47
5.47
5.47
5.47
5.47
5.47
5.47
5.47
5.47
5.47
5.47
5.47
5.46
5.46
5.46
5.46
5.46
5.46
5.46
5.46
5.46
5.45
5.45
5.45
5.45
5.45
5.45
5.45
5.45
5.45
5.45
5.45
5.45
5.45
5.45
5.45
5.45
5.45
5.45
5.45
5.45
5.45
5.45
5.45
5.45
5.45
5.45
5.45
5.45
5.45
5.45
5.45
5.45
5.44
5.44
5.44
5.44
5.44
5.44
5.44
5.44
5.44
5.44
5.44
5.44
5.42
5.42
5.42
5.42
5.42
5.42
5.42
5.42
5.42
5.42
5.42
5.42
5.42
5.42
5.42
5.42
5.42
5.42
5.42
5.42
5.42
5.42
5.42
5.42
5.41
5.41
5.41
5.41
5.41
5.41
5.41
5.41
5.41
5.41
5.41
5.41
5.41
5.41
5.41
5.41
5.41
5.41
5.41
5.41
5.41
5.41
5.4
5.4
5.4
5.4
5.4
5.4
5.4
5.4
5.39
5.39
5.39
5.39
5.39
5.39
5.39
5.39
5.39
5.37
5.37
5.37
5.37
5.37
5.37
5.37
5.37
5.37
5.37
5.37
5.37
5.37
5.4
5.4
5.4
5.4
5.4
5.4
5.4
5.4
5.4
5.4
5.4
5.4
5.4
5.4
5.4
5.39
5.39
5.39
5.39
5.39
5.39
5.39
5.39
5.38
5.38
5.38
5.38
5.38
5.38
5.37
5.37
5.37
5.37
5.37
5.37
5.37
5.37
5.37
5.37
5.37
5.37
5.37
5.37
5.37
5.37
5.37
5.37
5.37
5.37
5.37
5.37
5.37
5.37
5.37
5.37
5.37
5.37
5.37
5.37
5.37
5.37
5.37
5.37
5.37
5.36
5.36
5.36
5.36
5.36
5.36
5.36
5.36
5.36
5.36
5.36
5.36
5.36
5.36
5.36
5.36
5.36
5.36
5.36
5.36
5.36
5.36
5.36
5.36
5.36
5.36
5.36
5.36
5.35
5.35
5.35
5.35
5.35
5.35
5.35
5.35
5.35
5.35
5.35
5.35
5.35
5.35
5.35
5.35
5.35
5.35
5.35
5.35
5.35
5.35
5.34
5.34
5.34
5.34
5.34
5.34
5.34
5.34
5.34
5.34
5.34
5.34
5.34
5.34
5.34
5.34
5.34
5.34
5.34
5.34
5.34
5.34
5.34
5.34
5.34
5.34
5.34
5.34
5.34
5.34
5.34
5.34
5.34
5.34
5.34
5.34
5.34
5.37
5.36
5.36
5.36
5.36
5.36
5.36
5.36
5.36
5.36
5.36
5.36
5.36
5.36
5.36
5.36
5.36
5.36
5.36
5.38
5.37
5.37
5.37
5.37
5.37
5.37
5.36
5.36
5.36
5.36
5.36
5.36
5.36
5.36
5.36
5.36
5.36
5.36
5.36
5.36
5.36
5.36
5.36
5.36
5.36
5.36
5.36
5.36
5.36
5.36
5.36
5.36
5.36
5.36
5.36
5.36
5.36
5.36
5.36
5.36
5.36
5.36
5.36
5.36
5.34
5.34
5.34
5.34
5.34
5.34
5.34
5.34
5.34
5.34
5.34
5.34
5.34
5.34
5.34
5.34
5.34
5.34
5.34
5.34
5.34
5.34
5.34
5.34
5.34
5.34
5.34
5.34
5.34
5.34
5.34
5.34
5.34
5.34
5.34
5.34
5.34
5.34
5.34
5.34
5.33
5.33
5.35
5.35
5.35
5.35
5.35
5.35
5.35
5.35
5.35
5.35
5.35
5.34
5.34
5.34
5.34
5.33
5.33
5.33
5.33
5.33
5.33
5.33
5.33
5.33
5.33
5.33
5.33
5.33
5.33
5.33
5.35
5.35
5.35
5.35
5.35
5.35
5.34
5.34
5.34
5.34
5.34
5.34
5.33
5.34
5.34
5.34
5.34
5.34
5.34
5.34
5.34
5.34
5.34
5.34
5.34
5.34
5.34
5.34
5.34
5.34
5.34
5.34
5.34
5.34
5.34
5.34
5.34
5.34
5.34
5.34
5.34
5.34
5.34
5.34
5.34
5.34
5.34
5.34
5.34
5.34
5.34
5.34
5.34
5.34
5.33
5.33
5.33
5.33
5.33
5.33
5.35
5.35
5.35
5.35
5.35
5.35
5.35
5.35
5.35
5.36
5.36
5.36
5.35
5.35
5.35
5.35
5.35
5.35
5.35
5.35
5.35
5.35
5.35
5.35
5.35
5.35
5.35
5.35
5.35
5.35
5.35
5.35
5.35
5.35
5.35
5.35
5.35
5.35
5.35
5.35
5.35
5.35
5.35
5.35
5.35
5.35
5.35
5.35
5.35
5.35
5.35
5.35
5.35
5.35
5.35
5.35
5.35
5.34
5.34
5.34
5.34
5.34
5.34
5.34
5.34
5.34
5.34
5.34
5.34
5.34
5.34
5.34
5.34
5.34
5.34
5.34
5.34
5.34
5.34
5.34
5.34
5.34
5.34
5.34
5.34
5.34
5.34
5.34
5.34
5.34
5.34
5.34
5.34
5.34
5.34
5.34
5.34
5.34
5.34
5.35
5.35
5.34
5.34
5.34
5.34
5.34
5.34
5.34
5.34
5.34
5.34
5.34
5.34
5.34
5.34
5.34
5.34
5.34
5.34
5.34
5.34
5.34
5.34
5.34
5.34
5.34
5.34
5.34
5.34
5.34
5.34
5.34
5.34
5.34
5.34
5.34
5.34
5.34
5.34
5.34
5.34
5.34
5.34
5.34
5.34
5.34
5.34
5.34
5.34
5.34
5.34
5.33
5.33
5.33
5.33
5.33
5.33
5.33
5.33
5.32
5.32
5.32
5.32
5.32
5.32
5.32
5.32
5.32
5.32
5.32
5.32
5.32
5.32
5.32
5.32
5.32
5.32
5.32
5.32
5.32
5.32
5.32
5.32
5.32
5.32
5.32
5.32
5.32
5.32
5.32
5.32
5.32
5.32
5.32
5.32
5.32
5.32
5.31
5.31
5.31
5.31
5.31
5.31
5.3
5.3
5.3
5.31
5.31
5.31
5.31
5.31
5.31
5.31
5.31
5.31
5.31
5.31
5.31
5.31
5.31
5.31
5.31
5.31
5.31
5.31
5.31
5.31
5.31
5.31
5.31
5.31
5.31
5.31
5.3
5.3
5.3
5.3
5.3
5.3
5.3
5.3
5.3
5.3
5.3
5.29
5.29
5.29
5.29
5.29
5.29
5.32
5.32
5.32
5.32
5.32
5.32
5.32
5.32
5.31
5.31
5.31
5.31
5.31
5.31
5.31
5.31
5.31
5.31
5.31
5.31
5.31
5.31
5.31
5.31
5.3
5.3
5.3
5.3
5.3
5.3
5.3
5.3
5.3
5.3
5.3
5.3
5.3
5.3
5.3
5.3
5.3
5.3
5.3
5.3
5.3
5.3
5.3
5.3
5.3
5.3
5.3
5.3
5.3
5.3
5.3
5.3
5.3
5.3
5.3
5.3
5.3
5.3
5.3
5.3
5.3
5.3
5.3
5.3
5.3
5.3
5.3
5.3
5.3
5.3
5.3
5.3
5.3
5.3
5.3
5.3
5.3
5.3
5.3
5.3
5.3
5.3
5.3
5.3
5.3
5.3
5.3
5.3
5.3
5.3
5.3
5.3
5.32
5.32
5.32
5.32
5.32
5.32
5.32
5.32
5.32
5.32
5.32
5.31
5.37
5.37
5.37
5.36
5.36
5.36
5.36
5.36
5.36
5.36
5.36
5.36
5.36
5.36
5.36
5.36
5.36
5.36
5.36
5.36
5.36
5.36
5.36
5.36
5.36
5.36
5.36
5.36
5.36
5.36
5.36
5.36
5.36
5.36
5.36
5.36
5.36
5.36
5.36
5.36
5.36
5.36
5.36
5.36
5.36
5.36
5.36
5.36
5.36
5.36
5.36
5.36
5.36
5.36
5.36
5.36
5.36
5.36
5.36
5.36
5.36
5.36
5.37
5.37
5.37
5.37
5.36
5.36
5.36
5.36
5.36
5.36
5.36
5.36
5.36
5.36
5.36
5.36
5.36
5.36
5.36
5.36
5.36
5.36
5.36
5.36
5.37
5.37
5.37
5.36
5.36
5.36
5.36
5.36
5.36
5.36
5.36
5.36
5.36
5.36
5.36
5.36
5.36
5.36
5.36
5.36
5.36
5.36
5.36
5.36
5.36
5.36
5.36
5.36
5.36
5.36
5.36
5.36
5.36
5.36
5.36
5.36
5.36
5.36
5.36
5.36
5.36
5.36
5.36
5.36
5.36
5.36
5.36
5.36
5.36
5.36
5.36
5.36
5.36
5.36
5.36
5.36
5.36
5.36
5.36
5.36
5.36
5.36
5.38
5.38
5.38
5.38
5.38
5.38
5.38
5.38
5.38
5.38
5.38
5.38
5.38
5.38
5.37
5.37
5.37
5.37
5.37
5.37
5.37
5.37
5.37
5.37
5.37
5.37
5.37
5.37
5.37
5.37
5.37
5.37
5.37
5.37
5.37
5.37
5.37
5.37
5.37
5.37
5.37
5.37
5.37
5.37
5.37
5.37
5.37
5.37
5.37
5.37
5.37
5.37
5.37
5.37
5.37
5.37
5.37
5.37
5.37
5.37
5.38
5.38
5.38
5.38
5.37
5.37
5.37
5.37
5.37
5.37
5.37
5.37
5.37
5.37
5.37
5.37
5.36
5.36
5.36
5.36
5.36
5.36
5.36
5.36
5.36
5.36
5.36
5.36
5.36
5.36
5.36
5.36
5.36
5.36
5.36
5.39
5.39
5.39
5.39
5.39
5.39
5.39
5.39
5.39
5.39
5.39
5.39
5.41
5.41
5.41
5.41
5.41
5.43
5.43
5.43
5.43
5.43
5.43
5.43
5.43
5.43
5.43
5.43
5.43
5.43
5.43
5.43
5.43
5.43
5.43
5.43
5.43
5.43
5.43
5.43
5.43
5.43
5.43
5.43
5.43
5.43
5.43
5.43
5.43
5.43
5.43
5.43
5.43
5.43
5.43
5.43
5.43
5.43
5.43
5.43
5.43
5.43
5.43
5.43
5.43
5.43
5.43
5.43
5.43
5.43
5.43
5.43
5.43
5.43
5.43
5.43
5.43
5.43
5.43
5.43
5.43
5.43
5.43
5.43
5.43
5.43
5.43
5.43
5.43
5.43
5.43
5.43
5.43
5.43
5.43
5.43
5.43
5.43
5.43
5.43
5.43
5.43
5.43
5.43
5.43
5.43
5.43
5.43
5.42
5.42
5.42
5.42
5.42
5.42
5.41
5.41
5.41
5.41
5.41
5.41
5.41
5.41
5.41
5.41
5.41
5.41
5.41
5.41
5.4
5.4
5.4
5.4
5.4
5.39
5.39
5.39
5.39
5.39
5.39
5.39
5.39
5.39
5.39
5.39
5.39
5.39
5.39
5.39
5.39
5.39
5.39
5.39
5.39
5.39
5.39
5.39
5.39
5.39
5.39
5.39
5.39
5.39
5.39
5.39
5.39
5.39
5.39
5.39
5.39
5.39
5.39
5.39
5.39
5.39
5.39
5.39
5.39
5.39
5.39
5.39
5.39
5.39
5.39
5.39
5.39
5.39
5.39
5.39
5.39
5.39
5.39
5.39
5.39
5.39
5.39
5.39
5.39
5.39
5.39
5.39
5.39
5.39
5.39
5.39
5.39
5.39
5.39
5.39
5.39
5.39
5.39
5.39
5.39
5.39
5.39
5.39
5.39
5.39
5.39
5.39
5.39
5.39
5.39
5.39
5.39
5.39
5.39
5.39
5.39
5.39
5.39
5.39
5.39
5.39
5.39
5.39
5.39
5.39
5.39
5.39
5.39
5.39
5.39
5.39
5.39
5.39
5.39
5.39
5.39
5.39
5.39
5.39
5.39
5.39
5.39
5.39
5.39
5.39
5.39
5.39
5.39
5.39
5.39
5.39
5.39
5.39
5.39
5.39
5.39
5.39
5.39
5.39
5.39
5.39
5.39
5.41
5.41
5.43
5.43
5.43
5.43
5.43
5.43
5.43
5.43
5.42
5.42
5.42
5.42
5.42
5.42
5.42
5.42
5.42
5.41
5.41
5.41
5.41
5.41
5.41
5.41
5.41
5.41
5.41
5.41
5.46
5.46
5.46
5.46
5.46
5.46
5.46
5.46
5.46
5.46
5.46
5.46
5.46
5.46
5.46
5.46
5.46
5.46
5.46
5.46
5.46
5.46
5.46
5.45
5.45
5.45
5.45
5.45
5.45
5.45
5.45
5.45
5.45
5.45
5.45
5.45
5.44
5.44
5.44
5.44
5.44
5.44
5.44
5.44
5.44
5.44
5.44
5.44
5.44
5.44
5.44
5.44
5.44
5.44
5.44
5.44
5.44
5.44
5.44
5.44
5.44
5.44
5.44
5.44
5.44
5.44
5.44
5.44
5.44
5.44
5.44
5.44
5.44
5.44
5.44
5.44
5.44
5.44
5.44
5.44
5.44
5.44
5.44
5.44
5.44
5.44
5.44
5.44
5.44
5.44
5.44
5.44
5.44
5.44
5.44
5.44
5.44
5.44
5.44
5.44
5.44
5.44
5.44
5.44
5.43
5.43
5.41
5.41
5.41
5.43
5.43
5.43
5.43
5.43
5.43
5.43
5.43
5.43
5.43
5.43
5.44
5.45
5.44
5.44
5.44
5.44
5.44
5.44
5.44
5.44
5.44
5.44
5.44
5.44
5.44
5.44
5.44
5.44
5.44
5.44
5.44
5.44
5.44
5.44
5.44
5.44
5.44
5.44
5.44
5.44
5.44
5.44
5.44
5.44
5.44
5.44
5.44
5.44
5.44
5.44
5.44
5.44
5.44
5.44
5.44
5.44
5.44
5.44
5.44
5.44
5.44
5.44
5.44
5.44
5.44
5.44
5.44
5.44
5.44
5.44
5.44
5.44
5.44
5.44
5.44
5.44
5.44
5.44
5.44
5.44
5.44
5.44
5.44
5.44
5.44
5.44
5.46
5.46
5.46
5.46
5.46
5.46
5.46
5.46
5.46
5.46
5.46
5.46
5.46
5.45
5.45
5.45
5.45
5.45
5.45
5.45
5.45
5.45
5.45
5.45
5.45
5.45
5.45
5.45
5.45
5.45
5.45
5.45
5.45
5.45
5.45
5.45
5.45
5.45
5.45
5.45
5.45
5.45
5.44
5.44
5.44
5.44
5.44
5.44
5.44
5.44
5.44
5.44
5.44
5.44
5.44
5.44
5.44
5.44
5.44
5.44
5.44
5.44
5.44
5.44
5.44
5.44
5.44
5.44
5.44
5.44
5.44
5.44
5.44
5.44
0.0
0.0
0.0
0.0
0.0
0.0
0.0
0.0
0.0
0.0
0.0
0.0
0.0
0.0
8.0
8.0
8.0
8.0
8.0
8.0
8.0
8.0
8.0
8.0
8.0
8.0
8.0
6.73
6.73
6.73
6.73
6.73
6.73
6.73
6.73
6.73
6.73
6.73
6.73
6.73
6.73
6.73
6.73
6.73
6.73
6.73
6.73
6.73
6.73
6.73
6.73
6.73
6.73
6.73
6.73
6.73
6.73
6.73
6.73
6.73
5.73
5.73
5.73
5.73
5.73
5.73
5.73
5.18
4.76
4.76
4.42
4.42
4.42
4.42
4.42
4.42
4.42
4.42
4.42
4.42
4.42
4.42
4.42
4.42
4.42
4.42
4.42
4.42
4.42
4.42
4.42
4.42
4.42
4.42
4.42
4.42
4.42
4.42
4.42
4.42
4.42
4.42
4.42
4.42
4.42
4.42
4.42
4.42
4.42
4.42
4.42
4.42
4.42
4.42
4.42
4.42
4.42
4.21
4.21
4.0
4.0
4.0
4.0
4.0
4.0
4.0
4.0
4.0
4.0
4.0
4.0
4.0
4.0
4.0
4.0
4.0
4.0
4.0
4.0
4.0
4.0
3.82
3.82
3.82
3.82
3.82
3.82
3.74
3.74
3.74
3.74
3.74
3.74
3.74
3.59
3.59
3.59
3.59
3.59
3.59
3.59
3.59
3.59
3.59
3.59
3.59
3.59
3.59
3.54
3.54
3.54
3.54
3.54
3.54
3.54
3.54
3.54
3.54
3.54
3.54
3.59
3.59
3.59
3.59
3.59
3.59
3.49
3.49
3.49
3.49
3.49
3.49
3.49
3.49
3.49
3.49
3.49
3.49
3.49
3.49
3.49
3.49
3.49
3.49
3.49
3.4
3.31
3.31
3.31
3.31
3.31
3.31
3.31
3.31
3.31
3.31
3.31
3.31
3.31
3.31
3.31
3.31
3.31
3.31
3.31
3.31
3.31
3.31
3.31
3.31
3.31
3.31
3.31
3.31
3.31
3.31
3.23
3.23
3.23
3.23
3.23
3.23
3.23
3.23
3.23
3.23
3.23
3.23
3.23
3.23
3.23
3.23
3.23
3.23
3.23
3.23
3.23
3.17
3.17
3.17
3.17
3.17
3.17
3.17
3.17
3.17
3.17
3.17
3.17
3.17
3.17
3.17
3.17
3.17
3.17
3.17
3.17
3.17
3.17
3.17
3.17
3.17
3.17
3.17
3.17
3.17
3.17
3.17
3.17
3.17
3.17
3.17
3.17
3.17
3.17
3.17
3.17
3.17
3.17
3.17
3.17
3.17
3.17
3.17
3.17
3.17
3.17
3.17
3.17
3.17
3.17
3.17
3.17
3.17
3.17
3.17
3.17
3.17
3.58
3.58
3.58
3.58
3.58
3.58
3.58
3.58
3.58
3.58
3.58
3.58
3.58
3.58
3.58
3.58
3.58
3.58
3.58
3.58
3.58
3.58
3.58
3.58
3.58
3.58
3.58
3.58
3.5
3.5
3.5
3.5
3.5
3.5
3.5
3.5
3.5
3.5
3.43
3.43
3.52
3.52
3.52
3.52
3.52
3.52
3.52
3.52
3.52
3.52
3.52
3.52
3.6
3.6
3.6
3.6
3.6
3.6
3.6
3.6
3.6
3.6
3.6
3.6
3.6
3.6
3.6
3.6
3.6
3.6
3.6
3.6
3.6
3.72
3.72
3.72
3.72
3.72
3.65
3.65
3.65
3.65
3.65
3.65
3.65
4.16
4.16
4.16
4.15
4.15
4.28
4.28
4.28
4.28
4.28
4.28
4.28
4.28
4.28
4.28
4.28
4.28
4.28
4.28
4.28
4.28
4.28
4.28
4.28
4.28
4.28
4.28
4.28
4.28
4.28
4.28
4.28
4.28
4.28
4.28
4.28
4.21
4.21
4.21
4.21
4.21
4.21
4.21
4.21
4.21
4.21
4.21
4.21
4.21
4.21
4.21
4.21
4.21
4.21
4.21
4.21
4.21
4.14
4.14
4.14
4.14
4.14
4.14
4.14
4.14
4.14
4.14
4.07
4.07
4.07
4.07
4.07
4.07
4.07
4.07
4.07
4.07
4.07
4.07
4.07
4.07
4.07
4.07
4.07
4.07
4.07
4.07
4.07
4.07
4.07
4.07
4.07
4.01
4.01
4.01
4.01
4.01
4.01
4.01
4.01
4.01
4.02
4.02
4.02
4.02
4.02
4.02
4.02
4.02
4.02
4.02
4.02
4.02
4.02
4.02
4.02
4.02
4.02
4.02
4.02
4.02
4.02
4.02
4.02
4.02
4.02
4.02
4.02
4.02
4.02
4.02
4.02
4.02
4.02
4.02
4.02
3.96
3.96
3.96
3.96
3.92
3.92
3.92
3.92
3.92
3.92
3.92
3.92
3.92
3.92
3.92
3.92
3.92
3.92
3.87
3.87
3.87
3.87
3.87
3.87
3.87
3.87
3.87
3.87
3.87
3.87
3.87
3.87
3.87
3.87
3.87
3.87
3.87
3.87
3.87
3.87
3.87
3.87
3.87
3.87
3.87
3.87
3.87
3.87
3.82
3.82
3.82
3.82
3.82
3.82
3.82
3.82
3.82
3.82
3.82
3.82
3.82
3.82
3.82
3.82
3.82
3.82
3.82
3.82
3.82
3.82
3.79
3.79
3.79
3.79
3.79
3.79
3.79
3.79
3.79
3.79
3.79
3.79
3.79
3.79
3.79
3.79
3.79
3.79
3.79
3.79
3.79
3.79
3.79
3.79
3.79
3.79
3.79
3.8
3.8
3.9
3.9
3.9
3.9
3.85
3.97
3.97
3.97
3.97
3.97
3.97
3.97
3.97
3.97
3.97
3.97
3.97
3.97
3.97
3.97
3.97
3.97
3.97
3.97
3.97
3.97
3.97
3.97
3.97
3.97
3.97
3.97
3.97
3.97
3.97
3.97
4.02
4.02
4.02
4.02
4.02
4.02
4.02
4.02
4.02
4.02
4.02
4.02
4.02
4.02
4.02
4.02
4.02
4.02
4.02
4.02
4.02
4.02
4.02
4.02
4.02
4.03
4.03
4.03
4.03
4.03
4.03
4.03
4.03
4.03
4.03
4.03
3.98
3.98
3.98
3.98
4.24
4.24
4.24
4.24
4.24
4.24
4.24
4.24
4.24
4.24
4.24
4.24
4.24
4.24
4.24
4.24
4.24
4.24
4.24
4.24
4.24
4.24
4.24
4.24
4.24
4.24
4.24
4.24
4.24
4.24
4.24
4.24
4.24
4.24
4.24
4.24
4.24
4.24
4.24
4.24
4.24
4.25
4.25
4.25
4.25
4.25
4.25
4.25
4.25
4.25
4.25
4.25
4.25
4.25
4.25
4.25
4.25
4.25
4.34
4.34
4.37
4.37
4.37
4.37
4.37
4.37
4.37
4.37
4.37
4.37
4.37
4.37
4.37
4.37
4.37
4.37
4.37
4.37
4.37
4.37
4.37
4.7
4.7
4.7
4.7
4.7
4.7
4.7
4.7
4.7
4.7
4.7
4.7
4.7
4.7
4.7
4.8
4.8
4.8
4.8
4.8
4.8
4.8
4.8
4.8
4.8
4.8
4.8
4.8
4.8
4.8
4.8
4.8
4.8
4.8
4.8
4.8
4.8
4.8
4.8
4.8
4.8
4.8
4.8
4.8
4.8
4.8
4.8
4.8
4.8
4.8
4.8
5.15
5.24
5.24
5.24
5.24
5.24
5.24
5.24
5.24
5.24
5.24
5.24
5.24
5.24
5.24
5.24
5.38
5.38
5.38
5.38
5.38
5.38
5.38
5.36
5.36
5.36
5.36
5.37
5.37
5.37
5.37
5.37
5.37
5.37
5.37
5.37
5.37
5.37
5.37
5.37
5.37
5.37
5.37
5.37
5.37
5.37
5.37
5.37
5.37
5.37
5.37
5.37
5.37
5.37
5.37
5.37
5.37
5.37
5.37
5.37
5.48
5.48
5.48
5.48
5.48
5.48
5.48
5.48
5.48
5.48
5.48
5.48
5.48
5.48
5.48
5.48
5.48
5.48
5.48
5.48
5.48
5.48
5.48
5.48
5.44
5.44
5.44
5.44
5.44
5.44
5.44
5.44
5.44
5.44
5.44
5.44
5.44
5.44
5.44
5.44
5.44
5.44
5.45
5.48
5.48
5.48
5.48
5.48
5.48
5.48
5.48
5.48
5.48
5.48
5.48
5.48
5.48
5.48
5.48
5.61
5.61
5.61
5.61
5.64
5.64
5.64
5.64
5.64
5.64
5.64
5.64
5.64
5.64
5.64
5.64
5.64
5.64
5.64
5.64
5.64
5.64
5.64
5.59
5.59
5.54
5.54
5.54
5.54
5.54
5.54
5.54
5.54
5.54
5.54
5.54
5.54
5.54
5.54
5.54
5.54
5.54
5.49
5.49
5.45
5.45
5.45
5.45
5.45
5.45
5.45
5.44
5.44
5.44
5.44
5.44
5.44
5.44
5.44
5.44
5.44
5.44
5.44
5.44
5.44
5.44
5.44
5.44
5.44
5.44
5.44
5.39
5.39
5.39
5.39
5.39
5.39
5.39
5.39
5.39
5.39
5.39
5.39
5.39
5.39
5.34
5.34
5.34
5.34
5.34
5.34
5.34
5.34
5.34
5.34
5.34
5.34
5.34
5.34
5.34
5.34
5.34
5.34
5.34
5.34
5.34
5.34
5.34
5.34
5.34
5.34
5.34
5.34
5.34
5.34
5.34
5.34
5.34
5.34
5.34
5.34
5.34
5.3
5.3
5.3
5.3
5.3
5.3
5.3
5.3
5.3
5.3
5.3
5.3
5.3
5.3
5.3
5.3
5.3
5.3
5.3
5.3
5.3
5.25
5.25
5.25
5.25
5.21
5.21
5.21
5.21
5.21
5.17
5.17
5.17
5.17
5.17
5.17
5.17
5.17
5.17
5.17
5.17
5.17
5.17
5.17
5.17
5.17
5.17
5.17
5.17
5.17
5.17
5.17
5.17
5.17
5.17
5.17
5.17
5.17
5.17
5.17
5.17
5.17
5.17
5.17
5.14
5.14
5.14
5.14
5.14
5.14
5.14
5.14
5.14
5.14
5.14
5.14
5.14
5.32
5.32
5.32
5.32
5.32
5.32
5.32
5.32
5.32
5.32
5.32
5.32
5.32
5.32
5.32
5.32
5.32
5.32
5.32
5.32
5.32
5.32
5.32
5.32
5.32
5.32
5.32
5.32
5.32
5.32
5.32
5.32
5.32
5.32
5.32
5.32
5.32
5.32
5.32
5.32
5.32
5.32
5.32
5.32
5.32
5.32
5.32
5.32
5.32
5.32
5.32
5.32
5.32
5.32
5.32
5.32
5.32
5.32
5.31
5.31
5.31
5.31
5.31
5.31
5.31
5.31
5.31
5.31
5.34
5.34
5.34
5.34
5.34
5.34
5.34
5.34
5.34
5.34
5.34
5.34
5.34
5.34
5.34
5.34
5.34
5.34
5.34
5.34
5.34
5.34
5.34
5.34
5.34
5.34
5.34
5.34
5.34
5.34
5.34
5.34
5.34
5.34
5.34
5.34
5.34
5.34
5.34
5.34
5.34
5.34
5.34
5.34
5.3
5.3
5.3
5.3
5.3
5.3
5.3
5.28
5.28
5.28
5.28
5.28
5.28
5.28
5.28
5.24
5.24
5.24
5.24
5.24
5.37
5.37
5.37
5.37
5.4
5.4
5.4
5.4
5.4
5.4
5.4
5.4
5.4
5.4
5.4
5.4
5.4
5.4
5.4
5.4
5.4
5.4
5.4
5.38
5.38
5.38
5.38
5.38
5.38
5.38
5.38
5.38
5.38
5.38
5.38
5.38
5.38
5.34
5.34
5.34
5.34
5.34
5.34
5.34
5.34
5.34
5.34
5.34
5.3
5.3
5.3
5.3
5.3
5.3
5.3
5.3
5.3
5.3
5.3
5.3
5.3
5.3
5.29
5.29
5.29
5.29
5.29
5.29
5.29
5.29
5.29
5.29
5.29
5.29
5.29
5.29
5.29
5.29
5.31
5.31
5.27
5.27
5.27
5.27
5.27
5.27
5.27
5.27
5.27
5.27
5.27
5.27
5.33
5.29
5.29
5.29
5.29
5.29
5.29
5.29
5.29
5.29
5.29
5.29
5.29
5.29
5.29
5.29
5.29
5.29
5.29
5.29
5.29
5.29
5.29
5.29
5.29
5.29
5.29
5.29
5.29
5.29
5.29
5.29
5.29
5.29
5.29
5.29
5.29
5.29
5.29
5.26
5.26
5.26
5.26
5.26
5.26
5.26
5.27
5.27
5.27
5.27
5.27
5.27
5.27
5.27
5.27
5.27
5.27
5.27
5.27
5.27
5.27
5.27
5.23
5.23
5.23
5.23
5.23
5.23
5.23
5.23
5.23
5.23
5.23
5.23
5.23
5.23
5.23
5.23
5.23
5.23
5.23
5.23
5.23
5.23
5.23
5.23
5.23
5.23
5.23
5.23
5.23
5.23
5.23
5.23
5.2
5.2
5.2
5.2
5.2
5.2
5.2
5.2
5.2
5.2
5.2
5.2
5.2
5.2
5.2
5.2
5.2
5.2
5.2
5.2
5.2
5.2
5.2
5.17
5.14
5.14
5.14
5.14
5.14
5.14
5.16
5.16
5.16
5.16
5.16
5.16
5.16
5.16
5.16
5.13
5.13
5.13
5.13
5.13
5.13
5.13
5.13
5.13
5.13
5.13
5.13
5.13
5.13
5.13
5.13
5.13
5.13
5.13
5.13
5.13
5.13
5.13
5.13
5.13
5.13
5.13
5.13
5.13
5.13
5.13
5.13
5.13
5.13
5.13
5.13
5.13
5.13
5.13
5.13
5.13
5.13
5.13
5.13
5.13
5.13
5.13
5.13
5.13
5.13
5.13
5.13
5.13
5.13
5.13
5.13
5.13
5.13
5.13
5.13
5.13
5.13
5.13
5.13
5.13
5.2
5.2
5.2
5.2
5.2
5.2
5.2
5.2
5.25
5.25
5.25
5.25
5.25
5.25
5.25
5.25
5.25
5.25
5.23
5.23
5.23
5.23
5.23
5.23
5.23
5.23
5.23
5.23
5.23
5.23
5.23
5.23
5.23
5.23
5.23
5.2
5.2
5.2
5.2
5.2
5.2
5.2
5.21
5.21
5.21
5.21
5.21
5.21
5.21
5.21
5.21
5.21
5.21
5.21
5.21
5.21
5.21
5.21
5.21
5.21
5.21
5.21
5.21
5.21
5.21
5.21
5.21
5.21
5.21
5.21
5.21
5.21
5.21
5.21
5.21
5.21
5.21
5.21
5.21
5.21
5.21
5.18
5.18
5.18
5.18
5.18
5.18
5.18
5.18
5.18
5.18
5.18
5.19
5.18
5.18
5.18
5.18
5.18
5.18
5.18
5.18
5.18
5.18
5.18
5.18
5.18
5.18
5.18
5.18
5.18
5.18
5.18
5.18
5.18
5.18
5.18
5.18
5.18
5.18
5.18
5.18
5.18
5.18
5.18
5.18
5.15
5.15
5.15
5.15
5.15
5.15
5.15
5.15
5.15
5.15
5.15
5.15
5.15
5.15
5.15
5.15
5.15
5.15
5.15
5.15
5.15
5.14
5.14
5.14
5.14
5.14
5.14
5.14
5.14
5.14
5.14
5.14
5.11
5.11
5.11
5.11
5.11
5.11
5.11
5.11
5.11
5.11
5.11
5.11
5.11
5.11
5.11
5.11
5.11
5.11
5.11
5.11
5.11
5.11
5.11
5.11
5.11
5.11
5.11
5.11
5.11
5.11
5.11
5.11
5.11
5.11
5.11
5.11
5.11
5.11
5.11
5.11
5.11
5.11
5.11
5.11
5.11
5.11
5.11
5.11
5.11
5.11
5.11
5.11
5.11
5.11
5.11
5.11
5.11
5.11
5.11
5.11
5.11
5.11
5.11
5.11
5.11
5.08
5.08
5.08
5.08
5.08
5.08
5.08
5.08
5.1
5.1
5.1
5.1
5.1
5.1
5.1
5.1
5.1
5.1
5.1
5.1
5.1
5.1
5.1
5.1
5.1
5.1
5.1
5.1
5.1
5.1
5.1
5.1
5.1
5.1
5.34
5.34
5.34
5.34
5.38
5.38
5.38
5.38
5.43
5.43
5.43
5.43
5.43
5.43
5.43
5.43
5.43
5.43
5.43
5.43
5.43
5.43
5.43
5.43
5.43
5.43
5.43
5.43
5.43
5.43
5.43
5.43
5.43
5.43
5.43
5.43
5.43
5.43
5.43
5.43
5.43
5.43
5.43
5.43
5.43
5.43
5.41
5.41
5.41
5.41
5.41
5.41
5.41
5.41
5.41
5.41
5.41
5.41
5.41
5.41
5.41
5.41
5.41
5.41
5.41
5.41
5.41
5.41
5.41
5.41
5.41
5.41
5.41
5.41
5.41
5.4
5.4
5.39
5.39
5.39
5.39
5.39
5.39
5.39
5.39
5.39
5.39
5.39
5.39
5.39
5.39
5.39
5.39
5.39
5.39
5.39
5.39
5.39
5.39
5.39
5.39
5.37
5.37
5.37
5.37
5.37
5.37
5.37
5.37
5.35
5.35
5.35
5.35
5.35
5.35
5.35
5.35
5.35
5.35
5.35
5.35
5.35
5.35
5.35
5.35
5.35
5.35
5.35
5.35
5.35
5.35
5.35
5.35
5.42
5.39
5.39
5.39
5.39
5.39
5.39
5.39
5.39
5.39
5.39
5.39
5.39
5.39
5.39
5.39
5.39
5.39
5.39
5.47
5.47
5.47
5.47
5.45
5.45
5.45
5.45
5.45
5.45
5.45
5.45
5.45
5.44
5.44
5.44
5.44
5.44
5.44
5.46
5.46
5.46
5.46
5.46
5.46
5.46
5.46
5.46
5.46
5.46
5.46
5.46
5.46
5.46
5.46
5.46
5.46
5.46
5.46
5.46
5.46
5.46
5.46
5.46
5.46
5.46
5.46
5.46
5.46
5.46
5.46
5.46
5.46
5.46
5.46
5.46
5.53
5.53
5.53
5.53
5.53
5.5
5.5
5.5
5.5
5.5
5.5
5.5
5.5
5.5
5.5
5.5
5.5
5.5
5.5
5.5
5.5
5.5
5.5
5.5
5.5
5.48
5.48
5.48
5.48
5.48
5.48
5.48
5.48
5.48
5.48
5.48
5.48
5.48
5.49
5.49
5.49
5.49
5.49
5.49
5.49
5.49
5.49
5.5
5.5
5.5
5.5
5.48
5.48
5.48
5.48
5.48
5.48
5.48
5.45
5.45
5.45
5.45
5.45
5.45
5.45
5.45
5.45
5.45
5.45
5.49
5.49
5.49
5.49
5.49
5.49
5.49
5.49
5.49
5.49
5.49
5.49
5.49
5.49
5.49
5.49
5.49
5.49
5.49
5.49
5.49
5.49
5.49
5.49
5.49
5.49
5.49
5.49
5.49
5.49
5.49
5.49
5.49
5.49
5.49
5.49
5.49
5.49
5.49
5.49
5.49
5.49
5.51
5.51
5.51
5.51
5.51
5.51
5.51
5.51
5.51
5.51
5.51
5.51
5.51
5.51
5.51
5.51
5.51
5.51
5.51
5.51
5.51
5.51
5.48
5.48
5.48
5.48
5.48
5.48
5.48
5.48
5.48
5.48
5.48
5.55
5.55
5.55
5.55
5.55
5.55
5.55
5.55
5.55
5.55
5.55
5.55
5.55
5.55
5.55
5.55
5.55
5.55
5.55
5.55
5.55
5.55
5.55
5.55
5.55
5.55
5.55
5.55
5.55
5.55
5.55
5.55
5.55
5.55
5.55
5.55
5.55
5.55
5.55
5.55
5.55
5.55
5.55
5.55
5.55
5.55
5.55
5.55
5.55
5.55
5.55
5.55
5.55
5.53
5.53
5.53
5.53
5.53
5.53
5.53
5.53
5.53
5.53
5.53
5.53
5.53
5.53
5.53
5.53
5.53
5.53
5.53
5.53
5.53
5.5
5.5
5.5
5.5
5.5
5.54
5.54
5.57
5.57
5.57
5.57
5.57
5.57
5.57
5.57
5.57
5.57
5.57
5.57
5.57
5.57
5.57
5.57
5.57
5.58
5.58
5.58
5.58
5.58
5.58
5.58
5.58
5.58
5.58
5.58
5.58
5.58
5.59
5.59
5.59
5.59
5.59
5.59
5.59
5.56
5.56
5.56
5.56
5.56
5.56
5.56
5.56
5.56
5.56
5.56
5.56
5.56
5.56
5.56
5.56
5.56
5.56
5.56
5.56
5.56
5.6
5.6
5.6
5.6
5.6
5.6
5.6
5.6
5.6
5.6
5.6
5.6
5.6
5.6
5.6
5.6
5.6
5.6
5.6
5.6
5.6
5.6
5.6
5.6
5.6
5.6
5.6
5.6
5.6
5.6
5.6
5.6
5.6
5.6
5.6
5.6
5.6
5.6
5.6
5.6
5.6
5.6
5.6
5.6
5.6
5.6
5.64
5.64
5.64
5.64
5.64
5.64
5.64
5.64
5.64
5.64
5.64
5.66
5.63
5.63
5.63
5.63
5.63
5.63
5.63
5.62
5.62
5.62
5.62
5.64
5.64
5.64
5.64
5.64
5.64
5.64
5.64
5.64
5.64
5.64
5.61
5.61
5.61
5.61
5.61
5.61
5.61
5.61
5.61
5.61
5.61
5.61
5.61
5.61
5.61
5.61
5.61
5.61
5.61
5.61
5.61
5.61
5.61
5.61
5.61
5.61
5.61
5.61
5.61
5.61
5.6
5.6
5.6
5.6
5.6
5.6
5.6
5.6
5.6
5.6
5.6
5.6
5.6
5.6
5.6
5.6
5.58
5.58
5.58
5.58
5.58
5.58
5.58
5.58
5.58
5.66
5.66
5.66
5.66
5.7
5.7
5.7
5.7
5.7
5.68
5.68
5.68
5.68
5.68
5.68
5.68
5.68
5.68
5.68
5.68
5.68
5.68
5.68
5.68
5.69
5.69
5.69
5.69
5.71
5.71
5.71
5.71
5.71
5.71
5.71
5.71
5.71
5.69
5.69
5.69
5.69
5.69
5.69
5.69
5.69
5.69
5.69
5.69
5.69
5.69
5.69
5.69
5.69
5.69
5.69
5.69
5.69
5.69
5.69
5.69
5.69
5.69
5.71
5.71
5.71
5.71
5.71
5.71
5.71
5.71
5.71
5.71
5.71
5.71
5.71
5.71
5.77
5.77
5.77
5.77
5.77
5.77
5.77
5.77
5.77
5.77
5.77
5.77
5.77
5.77
5.77
5.77
5.77
5.77
5.77
5.77
5.77
5.77
5.77
5.77
5.77
5.77
5.77
5.77
5.77
5.77
5.77
5.77
5.77
5.77
5.77
5.77
5.77
5.77
5.77
5.77
5.77
5.77
5.77
5.77
5.77
5.77
5.77
5.77
5.77
5.77
5.77
5.77
5.77
5.77
5.77
5.77
5.77
5.77
5.77
5.77
5.77
5.77
5.77
5.77
5.77
5.77
5.77
5.77
5.74
5.74
5.74
5.74
5.74
5.74
5.74
5.74
5.74
5.74
5.74
5.74
5.74
5.73
5.73
5.73
5.73
5.73
5.73
5.73
5.72
5.72
5.72
5.72
5.72
5.72
5.72
5.72
5.72
5.72
5.72
5.72
5.72
5.72
5.72
5.72
5.72
5.72
5.72
5.74
5.74
5.74
5.74
5.74
5.74
5.74
5.74
5.74
5.74
5.74
5.74
5.74
5.74
5.74
5.74
5.74
5.74
5.77
5.74
5.74
5.74
5.74
5.74
5.72
5.72
5.72
5.72
5.72
5.72
5.72
5.72
5.72
5.72
5.72
5.72
5.72
5.7
5.7
5.7
5.7
5.7
5.7
5.7
5.7
5.7
5.7
5.7
5.7
5.7
5.7
